0 0.2513671875 0.1315076383601757 0.084375 0.106004
0 0.366171875 0.37969055344070274 0.15250000000000002 0.423076
0 0.4712109375 0.1923788843338214 0.17125 0.294559
0 0.5455859375000001 0.5401649341142021 0.20124999999999998 0.523452
0 0.578125 0.27675322108345535 0.12687499999999996 0.075047
0 0.591796875 0.2038548960468521 0.059374999999999956 0.11163200000000004
0 0.6791015625 0.18106822108345536 0.15875000000000006 0.07504700000000003
0 0.6793359375 0.27446534992679356 0.10875000000000001 0.078799
0 0.77203125 0.07380266910688141 0.07187500000000002 0.129456
0 0.8725 0.20867637481698387 0.25187499999999996 0.19043199999999996
0 0.9461328125 0.3142502825768667 0.10499999999999998 0.12101400000000002
