1 0.013671875 0.62911425 0.0275 0.10166700000000002
1 0.0409765625 0.6267708333333334 0.034999999999999996 0.09083299999999994
1 0.181953125 0.6036975833333332 0.036250000000000004 0.08250000000000002
1 0.2625 0.5958850833333332 0.03249999999999997 0.0666670000000001
1 0.3047265625 0.58625 0.034999999999999976 0.06333300000000001
1 0.321015625 0.58734375 0.02062499999999995 0.05499999999999994
1 0.3937890625 0.5729684166666668 0.019374999999999976 0.04499999999999993
1 0.4109375 0.5746354166666666 0.016874999999999973 0.045000000000000005
1 0.4230859375 0.5784375 0.013749999999999984 0.04750000000000002
1 0.439765625 0.5673961666666666 0.020625000000000004 0.038333000000000096
1 0.46140625 0.5595836666666666 0.00874999999999998 0.022500000000000037
1 0.4753125 0.5582815833333333 0.016874999999999973 0.02083300000000003
1 0.492734375 0.5582815833333333 0.011875000000000024 0.019166000000000016
1 0.518984375 0.5532815833333333 0.012499999999999956 0.019165999999999943
1 0.5386328125 0.5516145833333334 0.010000000000000009 0.020832999999999952
1 0.6214453125 0.6907291666666667 0.08812500000000001 0.161667
1 0.6462109375 0.5905211666666667 0.04562500000000003 0.06999999999999999
1 0.6905859375 0.5751038333333334 0.04625000000000001 0.08916699999999993
1 0.735859375 0.675625 0.07500000000000007 0.15833299999999997
