0 0.1005859375 0.8318020833333334 0.202 0.12799999999999997
0 0.30974999999999997 0.80526075 0.18800000000000003 0.11733300000000006
0 0.4837265625 0.3500003333333333 0.43999999999999995 0.168
0 0.357984375 0.8655315833333334 0.16799999999999998 0.20800000000000005
0 0.52871875 0.8423958333333333 0.274 0.24533299999999988
0 0.59584375 0.6172916666666667 0.18000000000000005 0.114667
0 0.599296875 0.2846458333333333 0.06000000000000005 0.05866699999999995
0 0.669203125 0.27521908333333334 0.06799999999999995 0.066666
0 0.7774296875 0.3764274166666666 0.132 0.07733300000000003
0 0.8022734375 0.2634375 0.061999999999999944 0.047999999999999966
0 0.96115625 0.9077083333333333 0.07199999999999995 0.13599999999999998
