0 0.16921875 0.7030205 0.11875 0.11166700000000003
0 0.1824609375 0.5981246666666666 0.14062499999999997 0.11583399999999999
0 0.2231640625 0.29374966666666663 0.14312499999999997 0.14666700000000002
0 0.22984375 0.5083854166666667 0.14875 0.10833299999999994
0 0.2594140625 0.7190104166666668 0.14437500000000003 0.1391669999999999
0 0.27921874999999996 0.6581774166666666 0.149375 0.13833300000000004
0 0.277109375 0.5729163333333332 0.13687500000000002 0.106667
0 0.29046875 0.43812500000000004 0.11875000000000002 0.1574999999999999
0 0.3059375 0.309583 0.14125000000000001 0.1875
0 0.3661328125 0.66234375 0.10375000000000001 0.18083300000000002
0 0.3796484375 0.5810413333333334 0.09312500000000001 0.136667
0 0.4011328125 0.3697399166666666 0.07374999999999998 0.093333
0 0.3969140625 0.49442674999999997 0.050624999999999976 0.11916700000000002
0 0.40625 0.2714583333333333 0.0625 0.19999999999999998
0 0.68234375 0.5311454999999999 0.27374999999999994 0.6425
