1 0.1937589375 0.6986320566037737 0.23264600000000002 0.34717
1 0.4181869375 0.5325472264150943 0.515322 0.138868
1 0.3161535625 0.6847174528301887 0.06504100000000002 0.27471599999999996
1 0.3515601875 0.6437735471698113 0.08505399999999996 0.22867899999999997
1 0.417510625 0.6157551320754717 0.051281999999999994 0.1841510000000001
1 0.432981375 0.6207073773584906 0.07567299999999999 0.188679
1 0.47449775 0.6166509056603773 0.05565999999999999 0.17358500000000002
1 0.507875125 0.5899997169811321 0.06816699999999998 0.14188700000000007
1 0.745359875 0.5373586981132076 0.09005600000000002 0.15169800000000006
1 0.861797125 0.6819807735849057 0.2245149999999999 0.363774
