0 0.0625 0.542421875 0.125 0.21500000000000002
0 0.18135383333333333 0.86890625 0.278334 0.25875000000000004
0 0.09406250000000001 0.56 0.08 0.18750000000000006
0 0.15234375 0.5629296875 0.05666699999999999 0.195
0 0.18197883333333334 0.5629296875 0.058333999999999976 0.195
0 0.2872395833333334 0.5530859375 0.17499999999999996 0.20125000000000004
0 0.43046841666666663 0.8673828125 0.295 0.26125
0 0.45973925 0.559765625 0.13333399999999998 0.20749999999999996
0 0.6205725833333333 0.565625 0.17499999999999996 0.21875000000000006
0 0.757917 0.8776171875 0.3150000000000001 0.24125000000000008
0 0.8591149166666666 0.5785546875 0.18666600000000008 0.22625
