1 0.15433593750000002 0.5980211666666667 0.10812499999999999 0.19333299999999998
1 0.23171875 0.5922913333333334 0.0875 0.199167
1 0.26671875 0.5648961666666666 0.05499999999999999 0.1625
1 0.291484375 0.5362503333333334 0.043749999999999956 0.10499999999999998
1 0.3183984375 0.5362503333333334 0.029374999999999984 0.10499999999999998
1 0.3308203125 0.5202604166666667 0.02562500000000001 0.07583299999999997
1 0.3544921875 0.5243749999999999 0.021874999999999978 0.09500000000000004
1 0.3907421875 0.50817675 0.021874999999999978 0.05666699999999995
1 0.4101171875 0.5018746666666667 0.021875000000000033 0.05333399999999999
1 0.7265234375 0.5286461666666668 0.06187500000000001 0.09999999999999994
1 0.8228125 0.5593229166666667 0.046875 0.15499999999999994
1 0.8660546875 0.5682815833333333 0.06874999999999998 0.14416599999999993
