0 0.015625 0.3483203125 0.032 0.057999999999999996
0 0.018229166666666668 0.101671875 0.037333 0.02800000000000001
0 0.020833333333333332 0.14534375 0.04266699999999999 0.055999999999999994
0 0.0390625 0.4967734375 0.08 0.18599999999999994
0 0.4973958333333333 0.8248515625 0.9973329999999999 0.346
0 0.15073991666666667 0.035203125 0.21866599999999994 0.068
0 0.12742708333333333 0.149390625 0.16 0.05199999999999999
0 0.24220833333333336 0.6278515625 0.261333 0.09600000000000009
0 0.33496841666666666 0.43975 0.42133400000000004 0.18800000000000006
0 0.241542 0.0845078125 0.09600000000000002 0.041999999999999996
0 0.25853091666666667 0.013671875 0.12266699999999997 0.028
0 0.5919479166666667 0.3011953125 0.56 0.152
0 0.4763955 0.0766015625 0.08 0.034
0 0.7183125 0.1042265625 0.14133299999999993 0.06600000000000002
0 0.71992675 0.0380859375 0.11733400000000005 0.078
0 0.8611979166666668 0.14125 0.12266699999999986 0.06399999999999999
0 0.8883645833333333 0.0263671875 0.08266699999999998 0.054
0 0.9403336666666666 0.042601562499999995 0.08533300000000003 0.034
0 0.9700416666666666 0.23715625 0.053333 0.07200000000000001
